-0.200  7.10    1.831E-01  2.234E+00  6.862E-01  0.0  0.0  15.0 1.48900    1.30484    
-0.100  7.10    1.831E-01 2.450E+00  5.767E-01  0.0  0.0  15.0  1.48500    1.29031   
 0.000  7.10    1.831E-01 2.603E+00  5.402E-01  0.0  0.0  15.0  1.48200    1.27627   
 0.100  7.10    1.831E-01 2.644E+00  5.327E-01  0.0  0.0  15.0  1.48300    1.26652   
 0.200  7.10    1.831E-01 3.438E+00  7.556E-01  0.0  0.0  15.0  1.48500    1.25500   
 0.300  7.10    1.831E-01 2.569E+00  6.588E-01  0.0  0.0  15.0  1.48900    1.25265   
-0.200  7.31    1.883E-01 1.393E+00  3.367E-01  0.0  0.0  15.0  1.49400    1.30731   
-0.100  7.31    1.883E-01 2.104E+00  4.259E-01  0.0  0.0  15.0  1.48800    1.29362   
 0.000  7.31    1.883E-01 2.336E+00  4.507E-01  0.0  0.0  15.0  1.48600    1.28162   
 0.100  7.31    1.883E-01 2.314E+00  4.199E-01  0.0  0.0  15.0  1.48600    1.26948   
 0.200  7.31    1.883E-01 2.705E+00  5.080E-01  0.0  0.0  15.0  1.49100    1.26046   
 0.300  7.31    1.883E-01 2.647E+00  6.546E-01  0.0  0.0  15.0  1.50300    1.25700   
-0.200  7.51    1.935E-01 1.593E+00  3.328E-01  0.0  0.0  15.0  1.51500    1.31092   
-0.100  7.51    1.935E-01 2.003E+00  3.852E-01  0.0  0.0  15.0  1.49400    1.29410   
 0.000  7.51    1.935E-01 2.633E+00  4.821E-01  0.0  0.0  15.0  1.49200    1.28409   
 0.100  7.51    1.935E-01 2.794E+00  5.076E-01  0.0  0.0  15.0  1.49200    1.27447   
 0.200  7.51    1.935E-01 2.286E+00  4.271E-01  0.0  0.0  15.0  1.50900    1.26383   
 0.300  7.51    1.935E-01 2.401E+00  5.621E-01  0.0  0.0  15.0  1.49800    1.26122   
-0.200  7.71    1.986E-01 1.903E+00  4.043E-01  0.0  0.0  15.0  1.50400    1.31381   
-0.100  7.71    1.986E-01 1.914E+00  3.346E-01  0.0  0.0  15.0  1.52200    1.29832   
 0.000  7.71    1.986E-01 1.940E+00  3.292E-01  0.0  0.0  15.0  1.50100    1.28467   
 0.100  7.71    1.986E-01 2.149E+00  3.585E-01  0.0  0.0  15.0  1.51700    1.27695   
 0.200  7.71    1.986E-01 2.147E+00  3.760E-01  0.0  0.0  15.0  1.50500    1.26791   
 0.300  7.71    1.986E-01 2.951E+00  6.880E-01  0.0  0.0  15.0  1.50300    1.26597   
-0.200  7.91    2.038E-01 1.011E+00  2.079E-01  0.0  0.0  15.0  1.51900    1.31523   
-0.100  7.91    2.038E-01 2.009E+00  3.606E-01  0.0  0.0  15.0  1.50700    1.29963   
 0.000  7.91    2.038E-01 1.757E+00  2.878E-01  0.0  0.0  15.0  1.54600    1.28712   
 0.100  7.91    2.038E-01 2.490E+00  4.159E-01  0.0  0.0  15.0  1.50800    1.27771   
 0.200  7.91    2.038E-01 2.691E+00  4.852E-01  0.0  0.0  15.0  1.51900    1.27261   
 0.300  7.91    2.038E-01 3.396E+00  7.939E-01  0.0  0.0  15.0  1.51000    1.27118   
-0.200  8.11    2.089E-01 1.606E+00  3.267E-01  0.0  0.0  15.0  1.50500    1.31747   
-0.100  8.11    2.089E-01 1.749E+00  2.868E-01  0.0  0.0  15.0  1.53000    1.30288   
 0.000  8.11    2.089E-01 1.930E+00  2.874E-01  0.0  0.0  15.0  1.51100    1.29165   
 0.100  8.11    2.089E-01 2.029E+00  2.691E-01  0.0  0.0  15.0  1.52800    1.28119   
 0.200  8.11    2.089E-01 1.954E+00  2.477E-01  0.0  0.0  15.0  1.51400    1.27689   
 0.300  8.11    2.089E-01 1.763E+00  2.350E-01  0.0  0.0  15.0  1.51400    1.27571   
-0.200  8.31    2.141E-01 1.711E+00  3.280E-01  0.0  0.0  15.0  1.50600    1.32104   
-0.100  8.31    2.141E-01 1.630E+00  2.494E-01  0.0  0.0  15.0  1.51800    1.30580   
 0.000  8.31    2.141E-01 1.450E+00  1.953E-01  0.0  0.0  15.0  1.55900    1.29322   
 0.100  8.31    2.141E-01 1.661E+00  2.075E-01  0.0  0.0  15.0  1.52000    1.28498   
 0.200  8.31    2.141E-01 1.588E+00  1.920E-01  0.0  0.0  15.0  1.51400    1.28018   
 0.300  8.31    2.141E-01 1.502E+00  1.954E-01  0.0  0.0  15.0  1.51200    1.28103   
 0.400  8.31    2.141E-01 1.939E+00  3.802E-01  0.0  0.0  15.0  1.52300    1.28556   
-0.200  8.50    2.192E-01 1.477E+00  2.554E-01  0.0  0.0  15.0  1.51300    1.32364   
-0.100  8.50    2.192E-01 1.692E+00  2.534E-01  0.0  0.0  15.0  1.53600    1.30878   
 0.000  8.50    2.192E-01 1.514E+00  1.963E-01  0.0  0.0  15.0  1.52300    1.29702   
 0.100  8.50    2.192E-01 1.440E+00  1.778E-01  0.0  0.0  15.0  1.54900    1.28776   
 0.200  8.50    2.192E-01 1.676E+00  2.018E-01  0.0  0.0  15.0  1.52200    1.28436   
 0.300  8.50    2.192E-01 1.596E+00  2.078E-01  0.0  0.0  15.0  1.52800    1.28536   
 0.400  8.50    2.192E-01 1.819E+00  3.357E-01  0.0  0.0  15.0  1.52600    1.29014   
-0.200  8.71    2.244E-01 1.185E+00  1.927E-01  0.0  0.0  15.0  1.54700    1.32874   
-0.100  8.71    2.244E-01 1.643E+00  2.196E-01  0.0  0.0  15.0  1.51300    1.31133   
 0.000  8.71    2.244E-01 1.621E+00  2.053E-01  0.0  0.0  15.0  1.52800    1.29992   
 0.100  8.71    2.244E-01 1.544E+00  1.867E-01  0.0  0.0  15.0  1.52200    1.29201   
 0.200  8.71    2.244E-01 1.528E+00  1.844E-01  0.0  0.0  15.0  1.55800    1.28810   
 0.300  8.71    2.244E-01 1.510E+00  1.916E-01  0.0  0.0  15.0  1.53500    1.28961   
 0.400  8.71    2.244E-01 1.679E+00  3.346E-01  0.0  0.0  15.0  1.57100    1.29630   
-0.200  8.91    2.296E-01 1.484E+00  2.247E-01  0.0  0.0  15.0  1.51300    1.33399   
-0.100  8.91    2.296E-01 1.540E+00  1.992E-01  0.0  0.0  15.0  1.51800    1.31771   
 0.000  8.91    2.296E-01 1.377E+00  1.662E-01  0.0  0.0  15.0  1.51800    1.30508   
 0.100  8.91    2.296E-01 1.521E+00  1.803E-01  0.0  0.0  15.0  1.52700    1.29683   
 0.200  8.91    2.296E-01 1.613E+00  1.908E-01  0.0  0.0  15.0  1.52800    1.29319   
 0.300  8.91    2.296E-01 1.803E+00  2.289E-01  0.0  0.0  15.0  1.53600    1.29557   
 0.400  8.91    2.296E-01 1.193E+00  2.147E-01  0.0  0.0  15.0  1.54700    1.30275   
-0.200  10.51   2.708E-01 6.927E-01  1.102E-01  0.0  0.0  15.0  1.56100    1.36084   
-0.100  10.51   2.708E-01 9.048E-01  1.197E-01  0.0  0.0  15.0  1.56200    1.34421   
 0.000  10.51   2.708E-01 7.880E-01  9.935E-02  0.0  0.0  15.0  1.56700    1.33368   
 0.100  10.51   2.708E-01 9.125E-01  1.118E-01  0.0  0.0  15.0  1.56100    1.33049   
 0.200  10.51   2.708E-01 1.133E+00  1.382E-01  0.0  0.0  15.0  1.56600    1.33499   
 0.300  10.51   2.708E-01 1.182E+00  1.583E-01  0.0  0.0  15.0  1.57400    1.33831   
 0.400  10.51   2.708E-01 1.412E+00  2.658E-01  0.0  0.0  15.0  1.60200    1.34857   
-0.200  10.71   2.760E-01 6.076E-01  1.091E-01  0.0  0.0  15.0  1.56600    1.36514   
-0.100  10.71   2.760E-01 6.078E-01  8.813E-02  0.0  0.0  15.0  1.57500    1.34836   
 0.000  10.71   2.760E-01 6.953E-01  9.110E-02  0.0  0.0  15.0  1.57400    1.34035   
 0.100  10.71   2.760E-01 7.777E-01  9.930E-02  0.0  0.0  15.0  1.58400    1.33343   
 0.200  10.71   2.760E-01 8.645E-01  1.124E-01  0.0  0.0  15.0  1.57200    1.33925   
 0.300  10.71   2.760E-01 8.481E-01  1.248E-01  0.0  0.0  15.0  1.57900    1.34777   
 0.400  10.71   2.760E-01 6.026E-01  1.515E-01  0.0  0.0  15.0  1.60900    1.35816   
-0.200  10.91   2.812E-01 6.101E-01  1.140E-01  0.0  0.0  15.0  1.57300    1.36789   
-0.100  10.91   2.812E-01 6.860E-01  9.887E-02  0.0  0.0  15.0  1.58000    1.35273   
 0.000  10.91   2.812E-01 6.084E-01  8.112E-02  0.0  0.0  15.0  1.59500    1.34021   
 0.100  10.91   2.812E-01 6.706E-01  8.830E-02  0.0  0.0  15.0  1.58900    1.33869   
 0.200  10.91   2.812E-01 7.660E-01  1.010E-01  0.0  0.0  15.0  1.57800    1.34375   
 0.300  10.91   2.812E-01 6.953E-01  1.034E-01  0.0  0.0  15.0  1.58500    1.35323   
 0.400  10.91   2.812E-01 8.183E-01  1.974E-01  0.0  0.0  15.0  1.60600    1.36414   
-0.200  11.31   2.915E-01 4.008E-01  5.671E-02  0.0  0.0  15.0  1.59400    1.37311   
-0.100  11.31   2.915E-01 4.922E-01  5.947E-02  0.0  0.0  15.0  1.60400    1.35876   
 0.000  11.31   2.915E-01 5.350E-01  6.076E-02  0.0  0.0  15.0  1.60400    1.34766   
 0.100  11.31   2.915E-01 5.727E-01  6.459E-02  0.0  0.0  15.0  1.60900    1.34445   
 0.200  11.31   2.915E-01 6.215E-01  7.080E-02  0.0  0.0  15.0  1.61000    1.35369   
 0.300  11.31   2.915E-01 5.737E-01  6.979E-02  0.0  0.0  15.0  1.62700    1.36397   
 0.400  11.31   2.915E-01 6.125E-01  9.694E-02  0.0  0.0  15.0  1.62100    1.37721   
-0.200  12.11   3.121E-01 3.256E-01  4.674E-02  0.0  0.0  15.0  1.63800    1.39237   
-0.100  12.11   3.121E-01 3.794E-01  4.551E-02  0.0  0.0  15.0  1.63000    1.38165   
 0.000  12.11   3.121E-01 4.575E-01  5.090E-02  0.0  0.0  15.0  1.62900    1.37277   
 0.100  12.11   3.121E-01 4.478E-01  4.952E-02  0.0  0.0  15.0  1.63500    1.37002   
 0.200  12.11   3.121E-01 4.970E-01  5.528E-02  0.0  0.0  15.0  1.65200    1.37500   
 0.300  12.11   3.121E-01 4.831E-01  5.639E-02  0.0  0.0  15.0  1.66400    1.38763   
 0.400  12.11   3.121E-01 4.435E-01  6.473E-02  0.0  0.0  15.0  1.68000    1.39610   
-0.200  13.31   3.431E-01 1.441E-01  2.705E-02  0.0  0.0  15.0  1.67800    1.42062   
-0.100  13.31   3.431E-01 2.341E-01  3.014E-02  0.0  0.0  15.0  1.67400    1.40750   
 0.000  13.31   3.431E-01 2.442E-01  2.864E-02  0.0  0.0  15.0  1.68000    1.40689   
 0.100  13.31   3.431E-01 2.829E-01  3.184E-02  0.0  0.0  15.0  1.68300    1.40692   
 0.200  13.31   3.431E-01 2.599E-01  2.997E-02  0.0  0.0  15.0  1.69300    1.41205   
 0.300  13.31   3.431E-01 2.543E-01  3.119E-02  0.0  0.0  15.0  1.71000    1.41849   
 0.400  13.31   3.431E-01 2.479E-01  3.785E-02  0.0  0.0  15.0  1.73100    1.42805   
-0.200  14.91   3.843E-01 9.660E-02  2.822E-02  0.0  0.0  15.0  1.74100    1.44975   
-0.100  14.91   3.843E-01 1.013E-01  1.842E-02  0.0  0.0  15.0  1.73400    1.44345   
 0.000  14.91   3.843E-01 1.058E-01  1.528E-02  0.0  0.0  15.0  1.73500    1.44375   
 0.100  14.91   3.843E-01 1.271E-01  1.616E-02  0.0  0.0  15.0  1.74100    1.44600   
 0.200  14.91   3.843E-01 1.246E-01  1.607E-02  0.0  0.0  15.0  1.75400    1.44870   
 0.300  14.91   3.843E-01 1.353E-01  1.847E-02  0.0  0.0  15.0  1.77400    1.45606   
 0.400  14.91   3.843E-01 1.108E-01  2.235E-02  0.0  0.0  15.0  1.80300    1.47800   
-0.100  16.91   4.359E-01 3.930E-02  1.540E-02  0.0  0.0  15.0  1.80700    1.49912   
 0.000  16.91   4.359E-01 3.350E-02  9.025E-03  0.0  0.0  15.0  1.80600    1.49457   
 0.100  16.91   4.359E-01 4.100E-02  8.199E-03  0.0  0.0  15.0  1.81400    1.49338   
 0.200  16.91   4.359E-01 4.640E-02  8.628E-03  0.0  0.0  15.0  1.83100    1.49883   
 0.300  16.91   4.359E-01 5.030E-02  1.038E-02  0.0  0.0  15.0  1.86200    1.51408   
 0.400  16.91   4.359E-01 3.510E-02  1.221E-02  0.0  0.0  15.0  1.90700    1.54092   
