1.536   4.68       0.534    1.038    0.022    0.010    1.004      1.005   
1.240   5.09       0.415    1.056    0.011    0.010    1.003      1.004   
1.031   5.65       0.356    1.081    0.010    0.010    1.002      1.003   
0.885   6.29       0.326    1.086    0.011    0.010    1.001      1.002   
0.764   6.82       0.296    1.118    0.013    0.010    1.002      1.002   
0.653   7.22       0.261    1.116    0.015    0.010    1.003      1.002   
0.553   7.55       0.227    1.115    0.018    0.010    1.005      1.004   
0.472   7.89       0.199    1.161    0.023    0.010    1.008      1.005   
0.412   8.31       0.182    1.132    0.027    0.010    1.012      1.007   
0.352   8.87       0.164    1.124    0.027    0.010    1.016      1.01    
0.290   9.63       0.146    1.144    0.038    0.010    1.02       1.013   
0.244   10.44      0.133    1.091    0.047    0.010    1.024      1.015   
0.205   11.23      0.120    1.039    0.063    0.010    1.025      1.017   
0.154   12.16      0.097    0.935    0.067    0.010    1.024      1.017   
0.068   13.07      0.046    0.729    0.124    0.010    1.017      1.013   
