0.191    4.64   4.600E-02   7.790E+01  5.607E+01  0.0  0.0  6.5   1.461     1.126
0.169    5.01   4.400E-02   1.210E+01  6.739E+00  0.0  0.0  6.5   1.466     1.129
0.138    5.45   3.900E-02   2.970E+01  1.820E+01  0.0  0.0  6.5   1.471     1.133
0.115    6.07   3.600E-02   3.970E+01  1.481E+01  0.0  0.0  6.5   1.478     1.137
0.087    6.46   2.900E-02   1.070E+01  3.520E+00  0.0  0.0  6.5   1.483     1.14 
0.053    6.89   1.900E-02   7.380E+00  2.068E+00  0.0  0.0  6.5   1.488     1.142
0.062    7.54   2.400E-02   6.110E+00  2.565E+00  0.0  0.0  6.5   1.496     1.145
0.067    8.04   2.800E-02   5.450E+00  9.147E-01  0.0  0.0  6.5   1.504     1.148
0.037    8.46   1.600E-02   3.670E+00  4.779E-01  0.0  0.0  6.5   1.51      1.15 
0.084    10.86  4.700E-02   8.000E+00  8.049E+00  0.0  0.0  6.5   1.564     1.169
0.353    4.46   8.300E-02   2.690E+01  2.887E+00  0.0  0.0  6.5   1.455     1.12 
0.311    4.90   8.000E-02   1.550E+01  2.408E+00  0.0  0.0  6.5   1.462     1.126
0.292    5.43   8.300E-02   1.070E+01  3.034E+00  0.0  0.0  6.5   1.469     1.131
0.267    5.95   8.300E-02   1.250E+01  2.724E+00  0.0  0.0  6.5   1.477     1.136
0.231    6.48   7.800E-02   6.420E+00  1.893E+00  0.0  0.0  6.5   1.485     1.14 
0.211    6.93   7.600E-02   6.180E+00  2.113E+00  0.0  0.0  6.5   1.491     1.143
0.205    7.50   8.000E-02   6.650E+00  2.026E+00  0.0  0.0  6.5   1.5       1.146
0.189    7.95   7.800E-02   4.210E+00  5.924E-01  0.0  0.0  6.5   1.507     1.149
0.176    8.44   7.700E-02   3.740E+00  5.178E-01  0.0  0.0  6.5   1.515     1.152
0.140    11.17  8.100E-02   3.500E+00  1.532E+00  0.0  0.0  6.5   1.576     1.173
0.538    4.43   1.290E-01   2.390E+01  1.511E+00  0.0  0.0  6.5   1.448     1.115
0.481    4.92   1.270E-01   1.620E+01  1.359E+00  0.0  0.0  6.5   1.459     1.123
0.450    5.41   1.300E-01   1.570E+01  1.716E+00  0.0  0.0  6.5   1.469     1.129
0.406    5.95   1.280E-01   1.290E+01  1.525E+00  0.0  0.0  6.5   1.479     1.135
0.382    6.44   1.300E-01   1.020E+01  1.276E+00  0.0  0.0  6.5   1.489     1.14 
0.354    6.97   1.300E-01   7.000E+00  1.114E+00  0.0  0.0  6.5   1.498     1.144
0.327    7.46   1.280E-01   5.160E+00  5.248E-01  0.0  0.0  6.5   1.507     1.148
0.305    7.95   1.270E-01   4.650E+00  4.030E-01  0.0  0.0  6.5   1.515     1.152
0.288    8.44   1.270E-01   3.170E+00  2.831E-01  0.0  0.0  6.5   1.524     1.155
0.221    11.22  1.290E-01   1.390E+00  3.550E-01  0.0  0.0  6.5   1.585     1.177
0.712    4.43   1.770E-01   1.980E+01  1.599E+00  0.0  0.0  6.5   1.444     1.11 
0.648    4.94   1.770E-01   1.490E+01  7.872E-01  0.0  0.0  6.5   1.457     1.119
0.596    5.43   1.770E-01   1.240E+01  1.057E+00  0.0  0.0  6.5   1.47      1.127
0.555    5.91   1.780E-01   9.230E+00  8.375E-01  0.0  0.0  6.5   1.482     1.134
0.515    6.45   1.790E-01   8.280E+00  9.472E-01  0.0  0.0  6.5   1.495     1.14 
0.480    6.96   1.790E-01   6.400E+00  5.151E-01  0.0  0.0  6.5   1.507     1.146
0.445    7.46   1.770E-01   4.960E+00  3.300E-01  0.0  0.0  6.5   1.516     1.151
0.417    7.94   1.760E-01   3.720E+00  2.700E-01  0.0  0.0  6.5   1.526     1.155
0.394    8.44   1.760E-01   3.090E+00  2.140E-01  0.0  0.0  6.5   1.536     1.159
0.304    11.18  1.780E-01   1.110E+00  2.594E-01  0.0  0.0  6.5   1.595     1.182
0.277    12.23  1.770E-01   1.290E+00  6.004E-01  0.0  0.0  6.5   1.621     1.191
0.266    13.31  1.850E-01   1.210E+01  1.060E+01  0.0  0.0  6.5   1.652     1.203
0.873    4.43   2.260E-01   1.740E+01  7.620E-01  0.0  0.0  6.5   1.443     1.105
0.797    4.93   2.250E-01   1.310E+01  7.215E-01  0.0  0.0  6.5   1.458     1.115
0.735    5.43   2.250E-01   9.730E+00  6.285E-01  0.0  0.0  6.5   1.474     1.125
0.687    5.95   2.280E-01   8.760E+00  5.962E-01  0.0  0.0  6.5   1.489     1.134
0.639    6.46   2.280E-01   7.480E+00  4.334E-01  0.0  0.0  6.5   1.504     1.141
0.597    6.95   2.270E-01   5.370E+00  3.038E-01  0.0  0.0  6.5   1.517     1.148
0.560    7.45   2.270E-01   4.050E+00  2.634E-01  0.0  0.0  6.5   1.528     1.154
0.525    7.94   2.250E-01   3.870E+00  2.242E-01  0.0  0.0  6.5   1.539     1.159
0.494    8.44   2.240E-01   2.860E+00  2.059E-01  0.0  0.0  6.5   1.549     1.164
0.389    11.22  2.310E-01   7.760E-01  1.458E-01  0.0  0.0  6.5   1.611     1.188
0.348    12.33  2.260E-01   2.100E+00  1.045E+00  0.0  0.0  6.5   1.635     1.197
0.325    13.22  2.260E-01   2.450E+00  1.933E+00  0.0  0.0  6.5   1.657     1.205
1.013    4.44   2.740E-01   1.280E+01  6.125E-01  0.0  0.0  6.5   1.446     1.101
0.937    4.95   2.760E-01   1.050E+01  5.431E-01  0.0  0.0  6.5   1.463     1.113
0.869    5.44   2.760E-01   7.550E+00  4.898E-01  0.0  0.0  6.5   1.48      1.124
0.811    5.94   2.770E-01   7.840E+00  3.754E-01  0.0  0.0  6.5   1.496     1.134
0.755    6.45   2.760E-01   5.870E+00  3.139E-01  0.0  0.0  6.5   1.513     1.143
0.709    6.94   2.760E-01   4.650E+00  2.346E-01  0.0  0.0  6.5   1.528     1.151
0.667    7.43   2.750E-01   3.450E+00  2.011E-01  0.0  0.0  6.5   1.541     1.157
0.631    7.94   2.760E-01   3.050E+00  1.846E-01  0.0  0.0  6.5   1.554     1.164
0.595    8.44   2.750E-01   2.800E+00  1.703E-01  0.0  0.0  6.5   1.566     1.169
0.463    11.23  2.780E-01   7.230E-01  1.279E-01  0.0  0.0  6.5   1.626     1.194
0.431    12.29  2.820E-01   5.040E-01  1.861E-01  0.0  0.0  6.5   1.651     1.203
0.394    13.31  2.780E-01   4.890E-01  3.532E-01  0.0  0.0  6.5   1.673     1.212
1.144    4.45   3.240E-01   1.040E+01  5.308E-01  0.0  0.0  6.5   1.452     1.099
1.062    4.95   3.250E-01   9.250E+00  4.826E-01  0.0  0.0  6.5   1.47      1.112
0.990    5.45   3.260E-01   7.220E+00  3.732E-01  0.0  0.0  6.5   1.489     1.124
0.922    5.95   3.250E-01   6.120E+00  2.720E-01  0.0  0.0  6.5   1.506     1.135
0.863    6.44   3.240E-01   4.930E+00  2.244E-01  0.0  0.0  6.5   1.523     1.144
0.814    6.94   3.250E-01   4.210E+00  2.141E-01  0.0  0.0  6.5   1.54      1.153
0.767    7.45   3.250E-01   3.520E+00  1.761E-01  0.0  0.0  6.5   1.555     1.162
0.728    7.93   3.250E-01   2.620E+00  1.555E-01  0.0  0.0  6.5   1.569     1.168
0.691    8.43   3.250E-01   2.320E+00  1.462E-01  0.0  0.0  6.5   1.582     1.175
0.533    11.32  3.260E-01   6.870E-01  1.023E-01  0.0  0.0  6.5   1.646     1.202
0.498    12.26  3.280E-01   1.010E+00  5.194E-01  0.0  0.0  6.5   1.667     1.21 
0.463    13.30  3.290E-01   5.160E-01  1.922E-01  0.0  0.0  6.5   1.691     1.219
1.262    4.46   3.740E-01   8.180E+00  5.020E-01  0.0  0.0  6.5   1.461     1.098
1.179    4.95   3.760E-01   6.840E+00  4.098E-01  0.0  0.0  6.5   1.48      1.112
1.099    5.45   3.750E-01   6.140E+00  6.342E-01  0.0  0.0  6.5   1.498     1.124
1.028    5.96   3.750E-01   5.000E+00  3.247E-01  0.0  0.0  6.5   1.518     1.136
0.968    6.45   3.750E-01   4.040E+00  1.841E-01  0.0  0.0  6.5   1.536     1.147
0.914    6.94   3.750E-01   3.460E+00  1.826E-01  0.0  0.0  6.5   1.552     1.156
0.867    7.44   3.760E-01   2.800E+00  1.537E-01  0.0  0.0  6.5   1.568     1.165
0.819    7.95   3.750E-01   2.310E+00  1.445E-01  0.0  0.0  6.5   1.585     1.173
0.778    8.44   3.740E-01   1.990E+00  1.217E-01  0.0  0.0  6.5   1.599     1.18 
0.604    11.32  3.750E-01   4.480E-01  7.609E-02  0.0  0.0  6.5   1.665     1.21 
0.561    12.26  3.740E-01   3.620E-01  6.684E-02  0.0  0.0  6.5   1.685     1.217
0.520    13.43  3.770E-01   3.960E-01  2.015E-01  0.0  0.0  6.5   1.714     1.228
1.371    4.46   4.240E-01   6.750E+00  4.511E-01  0.0  0.0  6.5   1.472     1.097
1.274    4.97   4.230E-01   5.570E+00  3.065E-01  0.0  0.0  6.5   1.493     1.113
1.197    5.46   4.240E-01   4.320E+00  2.424E-01  0.0  0.0  6.5   1.512     1.126
1.129    5.95   4.250E-01   3.940E+00  1.813E-01  0.0  0.0  6.5   1.53      1.138
1.062    6.45   4.240E-01   3.350E+00  1.549E-01  0.0  0.0  6.5   1.549     1.149
1.004    6.95   4.240E-01   2.620E+00  1.386E-01  0.0  0.0  6.5   1.568     1.16 
0.952    7.45   4.240E-01   2.140E+00  1.222E-01  0.0  0.0  6.5   1.585     1.169
0.906    7.94   4.240E-01   1.720E+00  1.148E-01  0.0  0.0  6.5   1.6       1.177
0.862    8.44   4.240E-01   1.570E+00  1.118E-01  0.0  0.0  6.5   1.615     1.185
0.674    11.28  4.230E-01   3.810E-01  5.268E-02  0.0  0.0  6.5   1.689     1.219
0.629    12.24  4.240E-01   2.590E-01  6.064E-02  0.0  0.0  6.5   1.71      1.227
0.584    13.46  4.290E-01   7.060E-01  5.735E-01  0.0  0.0  6.5   1.741     1.24 
1.468    4.46   4.730E-01   4.390E+00  3.218E-01  0.0  0.0  6.5   1.482     1.096
1.379    4.95   4.750E-01   3.710E+00  2.427E-01  0.0  0.0  6.5   1.506     1.114
1.293    5.46   4.750E-01   3.370E+00  1.752E-01  0.0  0.0  6.5   1.528     1.129
1.219    5.95   4.740E-01   2.660E+00  1.367E-01  0.0  0.0  6.5   1.547     1.142
1.153    6.44   4.740E-01   1.980E+00  1.084E-01  0.0  0.0  6.5   1.565     1.153
1.093    6.94   4.740E-01   1.970E+00  1.123E-01  0.0  0.0  6.5   1.583     1.163
1.039    7.43   4.740E-01   1.570E+00  1.061E-01  0.0  0.0  6.5   1.601     1.173
0.986    7.94   4.730E-01   1.270E+00  8.867E-02  0.0  0.0  6.5   1.621     1.184
0.942    8.44   4.740E-01   9.260E-01  7.773E-02  0.0  0.0  6.5   1.636     1.192
0.740    11.29  4.720E-01   2.630E-01  4.542E-02  0.0  0.0  6.5   1.717     1.231
0.685    12.33  4.710E-01   1.830E-01  4.523E-02  0.0  0.0  6.5   1.741     1.241
0.637    13.49  4.740E-01   9.840E-02  4.137E-02  0.0  0.0  6.5   1.771     1.253
1.557    4.48   5.240E-01   2.940E+00  2.792E-01  0.0  0.0  6.5   1.501     1.099
1.462    4.97   5.240E-01   2.680E+00  2.191E-01  0.0  0.0  6.5   1.521     1.115
1.377    5.46   5.230E-01   2.380E+00  1.476E-01  0.0  0.0  6.5   1.545     1.132
1.305    5.94   5.240E-01   1.910E+00  1.204E-01  0.0  0.0  6.5   1.568     1.146
1.237    6.45   5.250E-01   1.580E+00  9.087E-02  0.0  0.0  6.5   1.588     1.159
1.174    6.93   5.230E-01   1.330E+00  8.689E-02  0.0  0.0  6.5   1.605     1.17 
1.116    7.44   5.230E-01   1.030E+00  7.839E-02  0.0  0.0  6.5   1.622     1.18 
1.064    7.94   5.230E-01   1.030E+00  7.773E-02  0.0  0.0  6.5   1.639     1.189
1.015    8.45   5.230E-01   8.930E-01  6.816E-02  0.0  0.0  6.5   1.659     1.2	 
0.816    11.23  5.270E-01   1.930E-01  3.443E-02  0.0  0.0  6.5   1.739     1.239
0.761    12.16  5.250E-01   8.340E-02  2.656E-02  0.0  0.0  6.5   1.774     1.255
0.696    13.46  5.240E-01   1.780E-01  7.782E-02  0.0  0.0  6.5   1.81      1.27 
0.646    14.87  5.310E-01   1.890E+00  2.010E+00  0.0  0.0  6.5   1.86      1.291
1.640    4.46   5.710E-01   1.510E+00  1.811E-01  0.0  0.0  6.5   1.516     1.118
1.549    4.96   5.750E-01   1.640E+00  1.413E-01  0.0  0.0  6.5   1.544     1.129
1.460    5.45   5.730E-01   1.500E+00  1.111E-01  0.0  0.0  6.5   1.56      1.139
1.381    5.96   5.730E-01   1.210E+00  8.216E-02  0.0  0.0  6.5   1.592     1.149
1.313    6.44   5.730E-01   1.200E+00  8.596E-02  0.0  0.0  6.5   1.613     1.159
1.247    6.94   5.720E-01   9.090E-01  6.663E-02  0.0  0.0  6.5   1.634     1.169
1.193    7.42   5.730E-01   8.230E-01  6.056E-02  0.0  0.0  6.5   1.652     1.179
1.136    7.94   5.720E-01   6.290E-01  5.866E-02  0.0  0.0  6.5   1.667     1.189
1.088    8.44   5.730E-01   5.780E-01  5.624E-02  0.0  0.0  6.5   1.681     1.200
0.868    11.26  5.700E-01   1.220E-01  2.423E-02  0.0  0.0  6.5   1.75      1.257
0.819    12.21  5.760E-01   9.620E-02  3.045E-02  0.0  0.0  6.5   1.833     1.276
0.757    13.28  5.700E-01   2.630E-01  2.121E-01  0.0  0.0  6.5   1.845     1.298
1.713    4.49   6.220E-01   1.470E+00  2.161E-01  0.0  0.0  6.5   1.542     1.121
1.622    4.96   6.230E-01   1.010E+00  1.427E-01  0.0  0.0  6.5   1.559     1.132
1.533    5.46   6.220E-01   8.400E-01  9.969E-02  0.0  0.0  6.5   1.589     1.144
1.455    5.96   6.230E-01   7.460E-01  7.125E-02  0.0  0.0  6.5   1.599     1.156
1.388    6.43   6.230E-01   6.670E-01  7.278E-02  0.0  0.0  6.5   1.642     1.167
1.323    6.93   6.240E-01   7.100E-01  7.126E-02  0.0  0.0  6.5   1.668     1.180
1.261    7.44   6.230E-01   5.690E-01  8.030E-02  0.0  0.0  6.5   1.69      1.192
1.209    7.93   6.240E-01   4.030E-01  4.849E-02  0.0  0.0  6.5   1.709     1.204
1.156    8.45   6.240E-01   3.220E-01  4.549E-02  0.0  0.0  6.5   1.722     1.216
0.935    11.24  6.250E-01   1.140E-01  3.603E-02  0.0  0.0  6.5   1.803     1.284
0.872    12.18  6.200E-01   6.440E-02  3.133E-02  0.0  0.0  6.5   1.905     1.307
0.806    13.16  6.090E-01   2.600E-02  1.219E-02  0.0  0.0  6.5   1.895     1.330
1.792    4.47   6.730E-01   7.180E-01  1.443E-01  0.0  0.0  6.5   1.583     1.116
1.688    4.97   6.700E-01   6.150E-01  8.952E-02  0.0  0.0  6.5   1.571     1.133
1.603    5.45   6.700E-01   6.650E-01  9.221E-02  0.0  0.0  6.5   1.629     1.148
1.526    5.95   6.730E-01   4.670E-01  7.591E-02  0.0  0.0  6.5   1.634     1.165
1.449    6.46   6.710E-01   3.960E-01  5.885E-02  0.0  0.0  6.5   1.67      1.182
1.383    6.94   6.690E-01   2.590E-01  4.522E-02  0.0  0.0  6.5   1.702     1.198
1.329    7.43   6.730E-01   2.060E-01  4.719E-02  0.0  0.0  6.5   1.733     1.214
1.266    7.95   6.700E-01   2.310E-01  4.261E-02  0.0  0.0  6.5   1.755     1.231
1.216    8.43   6.690E-01   1.090E-01  2.641E-02  0.0  0.0  6.5   1.772     1.247
0.987    11.30  6.740E-01   5.500E-02  1.640E-02  0.0  0.0  6.5   1.884     1.342
0.923    12.42  6.790E-01   4.050E-02  2.233E-02  0.0  0.0  6.5   2.01      1.379
0.847    13.77  6.770E-01   9.460E-02  4.655E-02  0.0  0.0  6.5   2.16      1.424
1.843    4.53   7.200E-01   5.510E-01  1.427E-01  0.0  0.0  6.5   1.637     1.132  
1.748    5.01   7.200E-01   4.370E-01  9.945E-02  0.0  0.0  6.5   1.626     1.151  
1.668    5.45   7.190E-01   2.540E-01  4.384E-02  0.0  0.0  6.5   1.664     1.169  
1.593    5.94   7.230E-01   2.790E-01  5.324E-02  0.0  0.0  6.5   1.701     1.189  
1.514    6.45   7.200E-01   2.120E-01  5.298E-02  0.0  0.0  6.5   1.716     1.210  
1.450    6.93   7.200E-01   1.690E-01  3.161E-02  0.0  0.0  6.5   1.777     1.229  
1.397    7.41   7.260E-01   1.860E-01  3.729E-02  0.0  0.0  6.5   1.782     1.248  
1.327    7.95   7.190E-01   3.690E-01  1.695E-01  0.0  0.0  6.5   1.811     1.270  
1.275    8.42   7.170E-01   1.100E-01  2.818E-02  0.0  0.0  6.5   1.836     1.289  
1.048    11.28  7.280E-01   3.780E-02  2.458E-02  0.0  0.0  6.5   2.131     1.405  
0.927    13.14  7.230E-01   4.010E-01  2.881E-01  0.0  0.0  6.5   2.207     1.480  
1.918    4.48   7.700E-01   3.310E-01  1.286E-01  0.0  0.0  6.5   1.695     1.163
1.817    4.96   7.670E-01   5.160E-01  2.616E-01  0.0  0.0  6.5   1.715     1.185
1.730    5.45   7.680E-01   1.330E-01  3.019E-02  0.0  0.0  6.5   1.726     1.208
1.651    5.95   7.710E-01   1.830E-01  4.657E-02  0.0  0.0  6.5   1.843     1.230
1.577    6.43   7.690E-01   1.030E-01  2.430E-02  0.0  0.0  6.5   1.783     1.252
1.505    6.94   7.670E-01   8.330E-02  2.630E-02  0.0  0.0  6.5   1.855     1.276
1.448    7.45   7.730E-01   1.130E-01  4.781E-02  0.0  0.0  6.5   1.986     1.299
1.392    7.93   7.720E-01   1.080E-01  3.856E-02  0.0  0.0  6.5   1.876     1.321
1.338    8.47   7.760E-01   7.610E-02  2.648E-02  0.0  0.0  6.5   1.934     1.346
1.079    11.39  7.650E-01   6.940E-02  5.236E-02  0.0  0.0  6.5   2.263     1.479
